1 0.6690859
1 0.26781908
1 0.24987645
1 0.24618305
1 0.24404071
2 0.24373704
2 0.24349393
2 0.24027662
2 0.24890387
2 0.24578598
3 0.2413227
3 0.24633597
3 0.24591196
3 0.24174562
3 0.24432121
4 0.244442
4 0.24687245
4 0.24825086
4 0.2465997
4 0.24519229
5 0.24123612
5 0.24532653
5 0.24656041
5 0.24968113
5 0.2501732
6 0.24930313
6 0.25032794
6 0.24650024
6 0.25242707
6 0.24839737
7 0.24916962
7 0.24980785
7 0.25102064
7 0.24912015
7 0.25374526
8 0.25339177
8 0.253051
8 0.25213963
8 0.2525693
8 0.25443503
9 0.25385684
9 0.25326562
9 0.25281972
9 0.25453672
9 0.2534296
10 0.253202
10 0.25482276
10 0.25582725
10 0.2563657
10 0.25309846
